# Light quark reduced cross section
# Generated from HERA-I data, subtracting charm and bottom contributions
# Computed using IPsatfitter code, git commit 7a5ee0590480e5dfc5acc52a84446f6d0e4a25fd
# Used parametrization in IPsat: first line in Table 1 at https://arxiv.org/pdf/1804.05311.pdf
# HERA data JHEP 1001 (2010) 109 [arXiv:0911.0884 [hep-ex]]
# Uncertainty in sigma_r(light) is assumed to be the same as in sigma_r(total)
#
# This file is e^+ p part of the reduced cross section data
#
# IPsat parameters
#
# ext. ||   Name    ||   type  ||     Value     ||  Error +/- 
#
#   0   ||       B_G ||  const  ||                   4 ||
#   1   ||light_mass ||  const  ||                0.03 ||
#   2   ||charm_mass ||  const  ||       1.35277437092 ||
#   3   ||bottom_mass ||  const  ||                4.75 ||
#   4   ||         C ||  const  ||      2.289363553168 ||
#   5   ||      mu_0 ||  const  ||       1.04880884817 ||
#   6   ||  lambda_g ||  const  ||    0.08289088639946 ||
#   7   ||       A_g ||  const  ||      2.195310911936 ||
#   8   ||  lambda_s ||  const  ||                   0 ||
#   9   ||       A_s ||  const  ||                   0 ||
#  10   ||         A ||  const  ||                   1 ||
#
#
#
# Loaded 239 datapoints from ./data/hera_combined_sigmar.txt with weight 1 in Q2 range 0.74 - 1000.1 GeV^2, now we have in total 239 points 
# Q2 [GeV^2]         x         y   sigma_r    abs.err
      0.85   1.24e-05      0.677   0.509709  0.0240002
      0.85   1.38e-05      0.683   0.573836  0.0779856
      0.85      2e-05      0.471   0.563561  0.0268492
      0.85      2e-05       0.42   0.574561  0.0365348
      0.85   3.98e-05      0.211   0.528766  0.0186813
      0.85      5e-05      0.168   0.513636  0.0320416
      0.85     0.0001      0.084   0.476798  0.0310738
      0.85   0.000251      0.033   0.378581  0.0284968
      0.85     0.0008       0.01   0.337455  0.0194103
      0.85     0.0032      0.003   0.301105  0.0167787
       1.2   1.76e-05      0.674   0.531918  0.0251766
       1.2      2e-05      0.665   0.684765  0.0762034
       1.2      2e-05      0.593   0.611764  0.0261579
       1.2    3.2e-05      0.416   0.616155  0.0281474
       1.2    3.2e-05      0.371   0.637154  0.0240112
       1.2   6.31e-05      0.188   0.608362  0.0166005
       1.2      8e-05      0.148   0.557968  0.0186576
       1.2    0.00013      0.091   0.509908  0.0313375
       1.2   0.000158      0.075   0.500753   0.014151
       1.2   0.000398       0.03   0.469524   0.021087
       1.2     0.0013      0.009   0.356535   0.017391
       1.2      0.005      0.002   0.288936  0.0163254
       1.5   1.85e-05        0.8    0.52697   0.068327
       1.5    2.2e-05      0.675   0.623121  0.0228655
       1.5    3.2e-05       0.52   0.755575   0.054186
       1.5    3.2e-05      0.463   0.689573   0.022801
       1.5      5e-05      0.296   0.704644  0.0202958
       1.5      8e-05      0.185   0.650417   0.020358
       1.5    0.00013      0.114   0.603744   0.021417
       1.5     0.0002      0.074   0.575835  0.0240856
       1.5    0.00032      0.046   0.544878   0.019372
       1.5     0.0005       0.03   0.519219   0.042405
       1.5     0.0008      0.019   0.466371  0.0181917
       1.5      0.001      0.015   0.440207   0.030597
       1.5     0.0032      0.005   0.395689   0.014214
         2   2.47e-05        0.8   0.670234  0.0652632
         2   2.93e-05      0.675   0.695222  0.0225082
         2   3.27e-05      0.678   0.765729   0.050274
         2      5e-05      0.443   0.778877  0.0251687
         2      5e-05      0.395   0.744873  0.0220275
         2      8e-05      0.247    0.69312  0.0150508
         2    0.00013      0.152   0.664762  0.0147581
         2     0.0002      0.099   0.628716  0.0145008
         2    0.00032      0.062   0.582601  0.0147654
         2     0.0005       0.04   0.535522  0.0157794
         2      0.001       0.02   0.477667   0.011776
         2     0.0032      0.006   0.405111  0.0118128
       2.7   3.09e-05      0.864   0.730656   0.057798
       2.7   3.66e-05      0.729   0.761788  0.0376187
       2.7   4.09e-05      0.732    0.85911   0.079755
       2.7      5e-05      0.599    0.78387   0.029949
       2.7      5e-05      0.534   0.771848  0.0216972
       2.7      8e-05      0.374   0.794503  0.0358584
       2.7      8e-05      0.333   0.788496  0.0138216
       2.7    0.00013      0.205   0.718336  0.0109344
       2.7     0.0002      0.133   0.703865   0.015678
       2.7    0.00032      0.083   0.635298  0.0127764
       2.7     0.0005      0.053   0.588402  0.0119048
       2.7     0.0008      0.033   0.545125  0.0132312
       2.7     0.0013      0.021   0.526323   0.011514
       2.7      0.002      0.013   0.446132   0.014762
       2.7      0.005      0.005   0.433118    0.01196
       3.5   4.32e-05        0.8     0.7194  0.0649264
       3.5   5.12e-05      0.675   0.794608  0.0383233
       3.5   5.73e-05      0.677   0.878693  0.0687492
       3.5      8e-05      0.485   0.852109  0.0253561
       3.5      8e-05      0.432   0.827081  0.0217512
       3.5    0.00013      0.266   0.810449  0.0122626
       3.5     0.0002      0.173   0.758836  0.0113256
       3.5    0.00032      0.108   0.708097   0.011448
       3.5     0.0005      0.069   0.677626   0.012441
       3.5     0.0008      0.043   0.596647  0.0106743
       3.5     0.0013      0.027   0.569969  0.0117876
       3.5      0.002      0.017   0.521466   0.007423
       3.5      0.008      0.004   0.433913  0.0077784
       4.5   6.18e-05       0.72   0.784168  0.0700524
       4.5   7.32e-05      0.607   0.852451  0.0318634
       4.5   8.18e-05       0.61   0.957234  0.0410306
       4.5    0.00013      0.384   0.872724   0.022939
       4.5    0.00013      0.342   0.888693  0.0190735
       4.5     0.0002      0.222   0.840479  0.0137314
       4.5    0.00032      0.139   0.787125  0.0129312
       4.5     0.0005      0.089   0.702555    0.01216
       4.5     0.0008      0.056   0.639326  0.0125252
       4.5     0.0013      0.034   0.596184   0.012042
       4.5      0.002      0.022   0.554696  0.0113094
       4.5     0.0032      0.014   0.521133   0.009775
       6.5   8.03e-05        0.8   0.853855  0.0626318
       6.5   9.51e-05      0.757   0.950496   0.067104
       6.5   9.51e-05      0.675   0.835043     0.0483
       6.5    0.00013      0.554   0.981977   0.029854
       6.5    0.00013      0.494   0.923779  0.0326502
       6.5     0.0002       0.36    0.94169  0.0231426
       6.5     0.0002      0.321   0.954623  0.0168519
       6.5    0.00032      0.201   0.851461  0.0131786
       6.5     0.0005      0.128   0.802243  0.0149142
       6.5     0.0008       0.08   0.739091  0.0125979
       6.5     0.0013      0.049   0.659626  0.0117194
       6.5      0.002      0.032   0.610844  0.0096462
       6.5     0.0032       0.02   0.568893  0.0104972
       6.5      0.005      0.013   0.517143  0.0091798
       8.5   0.000105        0.8   0.918039   0.069502
       8.5   0.000124      0.675   0.959261   0.042315
       8.5   0.000139      0.678   0.939014  0.0764107
       8.5     0.0002      0.471    1.00099  0.0238095
       8.5     0.0002       0.42   0.957757  0.0331018
       8.5    0.00032      0.262   0.921937  0.0157215
       8.5     0.0005      0.168   0.852482  0.0147168
       8.5     0.0008      0.105   0.788882   0.013104
       8.5     0.0013      0.065   0.717614   0.012238
       8.5      0.002      0.042   0.663151  0.0141459
       8.5     0.0032      0.026   0.570425  0.0126824
       8.5      0.005      0.017   0.555391  0.0109855
        10    0.00013      0.853   0.864254  0.0893403
        10     0.0002      0.554   0.998898  0.0409344
        10    0.00032      0.309   0.933952  0.0277873
        10     0.0005      0.198   0.876692  0.0243732
        10     0.0008      0.124   0.816196  0.0233954
        10     0.0013      0.076     0.7548  0.0234378
        10      0.002      0.049   0.684608  0.0230565
        10      0.005       0.02   0.542898  0.0105078
        12   0.000161      0.826   0.940238  0.0701946
        12     0.0002      0.665    1.00976  0.0484875
        12     0.0002      0.593    1.02962  0.0501948
        12    0.00032      0.416   0.982978  0.0253998
        12    0.00032      0.371   0.982653   0.017262
        12     0.0005      0.237   0.933148  0.0129136
        12     0.0008      0.148   0.865417  0.0118272
        12     0.0013      0.091   0.777534   0.014115
        12      0.002      0.059   0.714122   0.013268
        12     0.0032      0.037   0.636289  0.0146858
        12      0.005      0.024   0.579358  0.0118668
        15     0.0002      0.831   0.945342   0.062484
        15   0.000246      0.676    1.05969   0.042881
        15    0.00032       0.52    1.00973    0.02899
        15    0.00032      0.463    1.03289   0.029128
        15     0.0005      0.296   0.960903   0.013387
        15     0.0008      0.185   0.893086   0.011819
        15     0.0013      0.114   0.797886  0.0110656
        15      0.002      0.074   0.710195  0.0102375
        15     0.0032      0.046   0.648963  0.0097047
        15      0.005       0.03   0.599043  0.0081852
        15      0.008      0.019   0.537037  0.0073776
        18   0.000268      0.745   0.994945  0.0664668
        18   0.000328      0.608     1.0533   0.036025
        18     0.0005      0.399   0.989156  0.0246268
        18     0.0005      0.356   0.989633  0.0181334
        18     0.0008      0.222   0.918898  0.0121472
        18     0.0013      0.137   0.838782  0.0111512
        18      0.002      0.089   0.765373   0.010355
        18     0.0032      0.056   0.679321  0.0093632
        18      0.005      0.036   0.617052    0.00825
        18      0.008      0.022   0.557489  0.0074816
        22     0.0005      0.488    1.02033  0.0475068
        22     0.0008      0.272   0.988661  0.0312174
        22     0.0013      0.167    0.83119  0.0300951
        22      0.002      0.109   0.811607  0.0307738
        22     0.0032      0.068   0.730276  0.0263646
        22      0.005      0.043   0.625109  0.0206658
        22      0.008      0.027   0.536396   0.018414
        27   0.000335      0.894    1.01727   0.080615
        27    0.00041       0.73    1.04448  0.0406679
        27     0.0005      0.599    1.06165  0.0323304
        27     0.0005      0.534    1.06118   0.027122
        27     0.0008      0.374   0.983509   0.036288
        27     0.0008      0.333   0.984825  0.0146674
        27     0.0013      0.205   0.896062  0.0125712
        27      0.002      0.133   0.822544  0.0114886
        27     0.0032      0.083   0.724221   0.010396
        27      0.005      0.053   0.640398  0.0091884
        27      0.008      0.033   0.574746  0.0082592
        35   0.000574      0.676    1.13691  0.0413712
        35     0.0008      0.485    1.05377  0.0260295
        35     0.0008      0.432    1.04007   0.020088
        35     0.0013      0.266   0.929509  0.0128336
        35      0.002      0.173   0.845201  0.0118556
        35     0.0032      0.108   0.754172   0.010736
        35      0.005      0.069   0.669798  0.0095127
        35      0.008      0.043   0.596217  0.0085614
        45     0.0008      0.624    1.10389  0.0468802
        45     0.0008      0.556    1.07491  0.0280388
        45     0.0013      0.384   0.977979  0.0196233
        45     0.0013      0.342   0.975952  0.0178976
        45      0.002      0.222   0.869352  0.0126767
        45     0.0032      0.139   0.769545  0.0110853
        45      0.005      0.089   0.694646  0.0098427
        45      0.008      0.056    0.61317   0.008635
        60     0.0013      0.512    1.03042  0.0265923
        60     0.0013      0.456    1.01486   0.024395
        60      0.002      0.296    0.92617   0.014056
        60     0.0032      0.185   0.811092  0.0118592
        60      0.005      0.119     0.7144  0.0105117
        60      0.008      0.074    0.63275  0.0098056
        70     0.0013      0.597    1.05893  0.0342908
        70      0.002      0.388   0.928003  0.0252252
        70     0.0032      0.216   0.810421  0.0208467
        70      0.005      0.138   0.753476  0.0176823
        70      0.008      0.086   0.622443  0.0151616
        90     0.0013      0.684    1.02281  0.0594306
        90      0.002      0.499   0.888069   0.030264
        90      0.002      0.445   0.945512  0.0235138
        90     0.0032      0.278   0.858356  0.0148176
        90      0.005      0.178   0.768663   0.012627
        90      0.008      0.111   0.672864  0.0113157
       120     0.0016      0.741     0.9771  0.0486147
       120      0.002      0.665   0.939379  0.0391448
       120      0.002      0.593   0.910514  0.0372892
       120     0.0032      0.416   0.842716  0.0276338
       120     0.0032      0.371   0.867191  0.0298152
       120      0.005      0.237   0.756485  0.0161084
       120      0.008      0.148   0.673343   0.012922
       150      0.002      0.741   0.973434   0.050004
       150     0.0032       0.52   0.843183  0.0293776
       150     0.0032      0.463   0.837298  0.0319466
       150      0.005      0.296   0.751318  0.0166106
       150      0.008      0.185    0.66443  0.0165615
       200     0.0026       0.76   0.883554  0.0460388
       200     0.0032      0.693   0.794918  0.0553883
       200     0.0032      0.618   0.838687  0.0388278
       200      0.005      0.443   0.748746   0.025239
       200      0.005      0.395   0.776043  0.0183098
       200      0.008      0.247   0.666315  0.0124222
       250     0.0033      0.749   0.860653  0.0485083
       250      0.005      0.554   0.741902  0.0338806
       250      0.005      0.494   0.761799   0.030856
       250      0.008      0.309   0.672949  0.0141044
       300     0.0039       0.76   0.811108  0.0470445
       300      0.005      0.665    0.78371   0.046207
       300      0.005      0.593     0.7757  0.0423748
       300      0.008      0.416   0.693963  0.0271032
       300      0.008      0.371   0.681712  0.0192258
       400     0.0053      0.746   0.810241  0.0490992
       400      0.008      0.554   0.662241  0.0316169
       400      0.008      0.494   0.721601  0.0230175
       500     0.0066      0.749   0.688636    0.04572
       500      0.008      0.693   0.708325  0.0671304
       500      0.008      0.618   0.721679  0.0487746
       650     0.0085      0.848    0.62672  0.0494192
       650     0.0085      0.756   0.683555  0.0531454
